name: hi-fever
channels:
  - bioconda
  - conda-forge
  - defaults
dependencies:
  - _libgcc_mutex=0.1=conda_forge
  - _openmp_mutex=4.5=2_gnu
  - aria2=1.23.0=0
  - bbmap=38.18=0
  - bedtools=2.31.0=hf5e1c6e_2
  - blast=2.14.0=pl5321h6f7f691_2
  - bzip2=1.0.8=h7f98852_4
  - c-ares=1.11.0=h470a237_1
  - ca-certificates=2023.5.7=hbcca054_0
  - coreutils=8.25=1
  - curl=7.71.1=he644dc0_3
  - diamond=2.1.8=h43eeafb_0
  - entrez-direct=16.2=he881be0_1
  - gawk=5.1.0=h7f98852_0
  - gettext=0.21.1=h27087fc_0
  - hmmer=3.3.2=hdbdd923_4
  - icu=72.1=hcb278e6_0
  - krb5=1.17.2=h926e7f8_0
  - libcurl=7.71.1=hcdd3856_3
  - libedit=3.1.20191231=he28a2e2_2
  - libgcc=7.2.0=h69d50b8_2
  - libgcc-ng=13.1.0=he5830b7_0
  - libgomp=13.1.0=he5830b7_0
  - libiconv=1.17=h166bdaf_0
  - libidn2=2.3.4=h166bdaf_0
  - libnsl=2.0.0=h7f98852_0
  - libsqlite=3.42.0=h2797004_0
  - libssh2=1.10.0=haa6b8db_3
  - libstdcxx-ng=13.1.0=hfd8a6a1_0
  - libunistring=0.9.10=h7f98852_0
  - libxml2=2.11.4=h0d562d8_0
  - libzlib=1.2.13=hd590300_5
  - mmseqs2=14.7e284=pl5321h6a68c12_2
  - ncbi-vdb=3.0.0=pl5321h87f3376_0
  - ncurses=6.4=hcb278e6_0
  - nextflow=23.04.1=h2a3209d_3
  - openjdk=11.0.1=h516909a_1016
  - openssl=1.1.1u=hd590300_0
  - pcre=8.45=h9c3ff4c_0
  - perl=5.32.1=3_hd590300_perl5
  - perl-archive-tar=2.40=pl5321hdfd78af_0
  - perl-carp=1.38=pl5321hdfd78af_4
  - perl-common-sense=3.75=pl5321hdfd78af_0
  - perl-compress-raw-bzip2=2.201=pl5321h87f3376_1
  - perl-compress-raw-zlib=2.105=pl5321h87f3376_0
  - perl-encode=3.19=pl5321hec16e2b_1
  - perl-exporter=5.72=pl5321hdfd78af_2
  - perl-exporter-tiny=1.002002=pl5321hdfd78af_0
  - perl-extutils-makemaker=7.70=pl5321hd8ed1ab_0
  - perl-io-compress=2.201=pl5321hdbdd923_2
  - perl-io-zlib=1.14=pl5321hdfd78af_0
  - perl-json=4.10=pl5321hdfd78af_0
  - perl-json-xs=2.34=pl5321h4ac6f70_6
  - perl-list-moreutils=0.430=pl5321hdfd78af_0
  - perl-list-moreutils-xs=0.430=pl5321h031d066_2
  - perl-parent=0.236=pl5321hdfd78af_2
  - perl-pathtools=3.75=pl5321hec16e2b_3
  - perl-scalar-list-utils=1.62=pl5321hec16e2b_1
  - perl-types-serialiser=1.01=pl5321hdfd78af_0
  - readline=8.2=h8228510_1
  - sqlite=3.42.0=h2c6b66d_0
  - tk=8.6.12=h27826a3_0
  - wget=1.20.3=ha56f1ee_1
  - xz=5.2.6=h166bdaf_0
  - zlib=1.2.13=hd590300_5
