name: hi-fever
channels:
  - bioconda
  - conda-forge
  - defaults
dependencies:
  - _libgcc_mutex=0.1=conda_forge
  - _openmp_mutex=4.5=2_gnu
  - aria2=1.23.0=0
  - bbmap=38.18=0
  - bedtools=2.31.0=hf5e1c6e_2
  - blast=2.14.0=pl5321h6f7f691_2
  - bzip2=1.0.8=h7f98852_4
  - c-ares=1.11.0=h470a237_1
  - ca-certificates=2023.7.22=hbcca054_0
  - coreutils=8.25=1
  - curl=7.71.1=he644dc0_3
  - diamond=2.1.8=h43eeafb_0
  - emboss=6.6.0=hdde3b0b_7
  - entrez-direct=16.2=he881be0_1
  - expat=2.5.0=hcb278e6_1
  - font-ttf-dejavu-sans-mono=2.37=hab24e00_0
  - font-ttf-inconsolata=3.000=h77eed37_0
  - font-ttf-source-code-pro=2.038=h77eed37_0
  - font-ttf-ubuntu=0.83=hab24e00_0
  - fontconfig=2.14.2=h14ed4e7_0
  - fonts-conda-ecosystem=1=0
  - fonts-conda-forge=1=0
  - freetype=2.12.1=hca18f0e_1
  - gawk=5.1.0=h7f98852_0
  - gettext=0.21.1=h27087fc_0
  - giflib=5.2.1=h0b41bf4_3
  - glib=2.76.4=hfc55251_0
  - glib-tools=2.76.4=hfc55251_0
  - hmmer=3.3.2=hdbdd923_4
  - icu=72.1=hcb278e6_0
  - krb5=1.17.2=h926e7f8_0
  - ld_impl_linux-64=2.40=h41732ed_0
  - lerc=4.0.0=h27087fc_0
  - libcurl=7.71.1=hcdd3856_3
  - libdeflate=1.18=h0b41bf4_0
  - libedit=3.1.20191231=he28a2e2_2
  - libexpat=2.5.0=hcb278e6_1
  - libffi=3.4.2=h7f98852_5
  - libgcc=7.2.0=h69d50b8_2
  - libgcc-ng=13.1.0=he5830b7_0
  - libgd=2.3.3=hfa28ad5_6
  - libglib=2.76.4=hebfc3b9_0
  - libgomp=13.1.0=he5830b7_0
  - libiconv=1.17=h166bdaf_0
  - libidn2=2.3.4=h166bdaf_0
  - libjpeg-turbo=2.1.5.1=h0b41bf4_0
  - libnsl=2.0.0=h7f98852_0
  - libpng=1.6.39=h753d276_0
  - libsqlite=3.42.0=h2797004_0
  - libssh2=1.10.0=haa6b8db_3
  - libstdcxx-ng=13.1.0=hfd8a6a1_0
  - libtiff=4.5.1=h8b53f26_0
  - libunistring=0.9.10=h7f98852_0
  - libuuid=2.38.1=h0b41bf4_0
  - libwebp=1.3.1=hbf2b3c1_0
  - libwebp-base=1.3.1=hd590300_0
  - libxml2=2.11.4=h0d562d8_0
  - libzlib=1.2.13=hd590300_5
  - mmseqs2=14.7e284=pl5321h6a68c12_2
  - ncbi-vdb=3.0.0=pl5321h87f3376_0
  - ncurses=6.4=hcb278e6_0
  - nextflow=23.04.1=h2a3209d_3
  - openjdk=11.0.1=h516909a_1016
  - openssl=1.1.1u=hd590300_0
  - pcre=8.45=h9c3ff4c_0
  - pcre2=10.40=hc3806b6_0
  - perl=5.32.1=4_hd590300_perl5
  - perl-archive-tar=2.40=pl5321hdfd78af_0
  - perl-carp=1.38=pl5321hdfd78af_4
  - perl-common-sense=3.75=pl5321hdfd78af_0
  - perl-compress-raw-bzip2=2.201=pl5321h87f3376_1
  - perl-compress-raw-zlib=2.105=pl5321h87f3376_0
  - perl-encode=3.19=pl5321hec16e2b_1
  - perl-exporter=5.72=pl5321hdfd78af_2
  - perl-exporter-tiny=1.002002=pl5321hdfd78af_0
  - perl-extutils-makemaker=7.70=pl5321hd8ed1ab_0
  - perl-io-compress=2.201=pl5321hdbdd923_2
  - perl-io-zlib=1.14=pl5321hdfd78af_0
  - perl-json=4.10=pl5321hdfd78af_0
  - perl-json-xs=2.34=pl5321h4ac6f70_6
  - perl-list-moreutils=0.430=pl5321hdfd78af_0
  - perl-list-moreutils-xs=0.430=pl5321h031d066_2
  - perl-parent=0.236=pl5321hdfd78af_2
  - perl-pathtools=3.75=pl5321hec16e2b_3
  - perl-scalar-list-utils=1.62=pl5321hec16e2b_1
  - perl-types-serialiser=1.01=pl5321hdfd78af_0
  - pip=23.2.1=pyhd8ed1ab_0
  - python=3.10.8=h257c98d_0_cpython
  - python_abi=3.10=3_cp310
  - readline=8.2=h8228510_1
  - seqtk=1.4=he4a0461_1
  - setuptools=68.0.0=pyhd8ed1ab_0
  - sqlite=3.42.0=h2c6b66d_0
  - tk=8.6.12=h27826a3_0
  - tzdata=2023c=h71feb2d_0
  - wget=1.20.3=ha56f1ee_1
  - wheel=0.41.0=pyhd8ed1ab_0
  - wise2=2.4.1=h08bb679_0
  - xz=5.2.6=h166bdaf_0
  - zlib=1.2.13=hd590300_5
  - zstd=1.5.2=hfc55251_7
